
m_inf_a = 1

m_inf = 1.0*power(1 + 0.00308976260789*exp(-169.491525424*V), -0.333333333333)